1.154499779578051388e+01
1.085007526094732455e+01
1.093409126299219913e+01
1.102017495227644339e+01
1.119354818632884729e+01
1.109510938819147619e+01
1.077845956716388365e+01
1.077178375688543710e+01
1.062273421110892890e+01
1.010644535417072021e+01
9.796614878961142026e+00
9.848630682563170424e+00
1.019118757383326646e+01
1.061141753860635717e+01
1.054836587829132633e+01
1.051945701651249720e+01
1.045053646014433824e+01
1.040911825231025922e+01
1.049251619887537146e+01
1.071454720312685538e+01
1.099567479423370564e+01
1.129901342362062167e+01
1.130726258279426766e+01
1.098407991496048020e+01
1.076490564832017149e+01
1.075857702720409215e+01
1.060789868965565752e+01
1.076167560977922477e+01
1.104441698860086341e+01
1.062606226214611738e+01
1.064945527738466780e+01
1.093381208668712290e+01
1.108483541033689512e+01
1.092747362679516954e+01
1.073630793773638104e+01
1.084539189662853786e+01
1.126944007260774683e+01
1.167101494341345536e+01
1.161653889790278704e+01
1.179928391300882318e+01
1.177314659241537953e+01
1.186122344135088014e+01
1.220759386184143658e+01
1.191866470537988931e+01
1.159455377355091876e+01
1.167776596102449282e+01
1.196398646799548438e+01
1.152574003186858143e+01
1.128771902519725856e+01
1.172601282909497655e+01
