1.685842061832725136e+01
1.609848322075048088e+01
1.646823243991757479e+01
1.669214160320171914e+01
1.691321220828150018e+01
1.668827830866976214e+01
1.638154855373769792e+01
1.626910841556705378e+01
1.607096464213624287e+01
1.551764570026537271e+01
1.534498238045392249e+01
1.511340466693922480e+01
1.547140382169438411e+01
1.604735508422131574e+01
1.595531553321962193e+01
1.623386914560682825e+01
1.633168495596264691e+01
1.636474030909256072e+01
1.654188548644315659e+01
1.659548269741917892e+01
1.680161512700146176e+01
1.700187453416781125e+01
1.709281933500042072e+01
1.644233157645236432e+01
1.639134163116925436e+01
1.630851278459508791e+01
1.615646067438721190e+01
1.649572366993052697e+01
1.647624929716333853e+01
1.636007763437675422e+01
1.657176257683501319e+01
1.665067271465825627e+01
1.651934890698212044e+01
1.657944239628145766e+01
1.702069418986474858e+01
1.720538874660410755e+01
1.731213952603363992e+01
1.746479056303003219e+01
1.715254758344168096e+01
1.708740141105889521e+01
1.758912890833531506e+01
1.809148185999580249e+01
1.817831710815426760e+01
1.786050419801042821e+01
1.754620482031333140e+01
1.781108637486064339e+01
1.829707623339026412e+01
1.782984301487480749e+01
1.765117084775488365e+01
1.750989737593970474e+01
