9.298948217883372891e+00
8.496658805948600346e+00
8.532539387736965963e+00
8.386964725946086219e+00
8.461717252675265755e+00
8.456189005775499368e+00
8.154022811820311745e+00
8.148612495424446323e+00
8.064156873834717132e+00
7.747642041296533222e+00
7.401710512691069610e+00
7.353841849402231290e+00
7.413150892542643255e+00
7.634371054419982983e+00
7.775872714504428629e+00
7.959633212661135993e+00
7.911682924900920177e+00
7.840209800847339316e+00
7.743858676465247726e+00
7.625795865892864178e+00
7.646362228749309153e+00
7.693539004142916582e+00
7.776105734963071114e+00
8.166078495603372289e+00
8.012182187239066167e+00
8.055462578078431690e+00
7.595018696516112833e+00
7.617871778435414853e+00
7.600558481077261064e+00
7.628512777873735828e+00
7.752213619739806383e+00
7.832607933073677309e+00
7.894828364302773238e+00
8.012183159503537766e+00
8.027409449700156685e+00
7.936136340584202031e+00
7.870322233527866196e+00
7.935159977335169756e+00
7.768017196741757502e+00
7.712631998277918122e+00
7.718472139432288159e+00
7.656313684096193839e+00
7.912469788358490241e+00
7.893681207477681205e+00
7.751100936448458434e+00
7.787865208383177418e+00
7.916776584316131959e+00
7.972426042905905064e+00
7.966093229807190035e+00
8.131483144625539339e+00
