1.667550414195995145e+01
1.570715867605400184e+01
1.619547277924879936e+01
1.638250700497630419e+01
1.660468694134032930e+01
1.642834021765711228e+01
1.609316791556113202e+01
1.590531447569408385e+01
1.561024363022549899e+01
1.515335054854358532e+01
1.488231392130166419e+01
1.469989567364738647e+01
1.478551683819275375e+01
1.544923723576331298e+01
1.528451451354332136e+01
1.592776586074294265e+01
1.571107552909278127e+01
1.572318396000621910e+01
1.545341000949382959e+01
1.583069046581838890e+01
1.634111059144915146e+01
1.720006059848955360e+01
1.677883347079415799e+01
1.591933173801744239e+01
1.519023678342769479e+01
1.563951914771811502e+01
1.567614172132444850e+01
1.575694765215185633e+01
1.584713163856420159e+01
1.560138310091177871e+01
1.511398949001725001e+01
1.538102718921111567e+01
1.562101154840176065e+01
1.574007219988593498e+01
1.582389465788077310e+01
1.586169893432690792e+01
1.580081975882172429e+01
1.610064630647365647e+01
1.643713365180365926e+01
1.697614664249434924e+01
1.721295220260205028e+01
1.720349319215527828e+01
1.768478139499542934e+01
1.733067968733650233e+01
1.737823562130165911e+01
1.783303748395261223e+01
1.732238702735147129e+01
1.743640993508780568e+01
1.780120673967362421e+01
1.834723429599270972e+01
