1.716847992809580248e+01
1.600386945129759653e+01
1.642841193440353820e+01
1.659625954136027559e+01
1.679877408435410757e+01
1.661615384647633320e+01
1.614623915480942884e+01
1.585087875040105843e+01
1.556171486689014749e+01
1.491265568645897943e+01
1.468154941026856974e+01
1.437085444289227532e+01
1.454100501997585404e+01
1.523452687458657628e+01
1.486236705922423695e+01
1.502889658602813228e+01
1.514626268296604650e+01
1.544192900030876636e+01
1.521748946668836133e+01
1.501743806682427085e+01
1.541758806953988170e+01
1.614774027529038847e+01
1.631643867723934704e+01
1.603208311063956870e+01
1.567570012561687243e+01
1.590553321692249078e+01
1.544079976356151818e+01
1.586949797467897305e+01
1.685865592829329884e+01
1.666160659089945639e+01
1.641013045724712782e+01
1.631005376119492567e+01
1.665833787569492586e+01
1.672829904222859554e+01
1.684510924976761714e+01
1.684903904622385440e+01
1.723866943272779295e+01
1.721749534018335837e+01
1.706366464701113372e+01
1.663843324472968987e+01
1.704264890847120384e+01
1.740102992395156889e+01
1.789673505010643595e+01
1.752651319707992172e+01
1.744290712097520313e+01
1.704418286031126684e+01
1.707139545270690206e+01
1.705311630663576494e+01
1.718446813507077664e+01
1.718814159914328599e+01
