1.312904882457127975e+01
1.182200734730108849e+01
1.183755574563297053e+01
1.180445742494062067e+01
1.186163368481483538e+01
1.164233022374942905e+01
1.116632763226150438e+01
1.105893910711415629e+01
1.084215075936065631e+01
1.013503285738258697e+01
9.947774584649037521e+00
9.702339963607625961e+00
9.866407740547398220e+00
1.027699050623697019e+01
1.004005673861409953e+01
1.028685167369854625e+01
1.013693215094644984e+01
1.047472199177078700e+01
1.037223101641313328e+01
1.042762813881467032e+01
1.113148974510896849e+01
1.160983324387485638e+01
1.146683111829681678e+01
1.120592610356893282e+01
1.045706195043282705e+01
1.015520116479709500e+01
1.020328945115350194e+01
1.038119239561395446e+01
1.013111434557765911e+01
9.908373310126176392e+00
9.948971406027840914e+00
1.006410951670928711e+01
1.059327637743656680e+01
1.078139742864765083e+01
1.055817386158822835e+01
1.078965276917634952e+01
1.126264287505347816e+01
1.141494124333368987e+01
1.135011724388617260e+01
1.133981693767120191e+01
1.164375591688136957e+01
1.166608986589241681e+01
1.188246128834866333e+01
1.164549264949258500e+01
1.141698978199258363e+01
1.130639991015936374e+01
1.188567038180802271e+01
1.174467023601275351e+01
1.138280181626971377e+01
1.175155972427881323e+01
