7.286938476398417741e+00
6.186687908034336658e+00
5.994318046061423821e+00
5.682550138439489196e+00
5.663239058512221646e+00
5.537694187520440181e+00
5.149619489891111179e+00
4.984010662700864458e+00
4.770569657821450704e+00
4.435539076146570281e+00
4.061280816702609542e+00
3.892604904978732350e+00
3.828811608851488302e+00
3.854445471905528109e+00
3.799422295664167670e+00
4.071719347930494060e+00
4.173466701499100040e+00
4.103674792873263755e+00
4.055331616566546948e+00
4.132882683474390362e+00
4.012775854849930823e+00
3.946820491479900994e+00
3.695203900352467485e+00
3.754034782072846355e+00
3.674033981368304502e+00
3.723597977344244914e+00
3.463713813963882338e+00
3.463097799357364615e+00
3.560031976688497579e+00
3.402808944742431230e+00
3.425431620586132819e+00
3.557657981773581390e+00
3.833544748254688717e+00
3.904968504892396552e+00
3.767673223259521809e+00
3.681977460228102128e+00
3.749900958856075661e+00
3.904727759262310194e+00
3.927406955049939974e+00
3.873105580972679540e+00
3.862547940066953789e+00
3.904720153262654314e+00
4.195597691281727215e+00
3.892919707405173124e+00
4.026175091601632339e+00
4.193818634025371139e+00
4.367605411083445688e+00
3.945198549102868935e+00
3.926350834332576589e+00
4.188739852451607071e+00
